DISCORD

<svg xmlns="http://www.w3.org/2000/svg" x="0px" y="0px" width="100" height="100" viewBox="0 0 50 50"
style="fill:#FFFFFF;">
<path d="M 41.625 10.769531 C 37.644531 7.566406 31.347656 7.023438 31.078125 7.003906 C 30.660156 6.96875 30.261719 7.203125 30.089844 7.589844 C 30.074219 7.613281 29.9375 7.929688 29.785156 8.421875 C 32.417969 8.867188 35.652344 9.761719 38.578125 11.578125 C 39.046875 11.867188 39.191406 12.484375 38.902344 12.953125 C 38.710938 13.261719 38.386719 13.429688 38.050781 13.429688 C 37.871094 13.429688 37.6875 13.378906 37.523438 13.277344 C 32.492188 10.15625 26.210938 10 25 10 C 23.789063 10 17.503906 10.15625 12.476563 13.277344 C 12.007813 13.570313 11.390625 13.425781 11.101563 12.957031 C 10.808594 12.484375 10.953125 11.871094 11.421875 11.578125 C 14.347656 9.765625 17.582031 8.867188 20.214844 8.425781 C 20.0625 7.929688 19.925781 7.617188 19.914063 7.589844 C 19.738281 7.203125 19.34375 6.960938 18.921875 7.003906 C 18.652344 7.023438 12.355469 7.566406 8.320313 10.8125 C 6.214844 12.761719 2 24.152344 2 34 C 2 34.175781 2.046875 34.34375 2.132813 34.496094 C 5.039063 39.605469 12.972656 40.941406 14.78125 41 C 14.789063 41 14.800781 41 14.8125 41 C 15.132813 41 15.433594 40.847656 15.621094 40.589844 L 17.449219 38.074219 C 12.515625 36.800781 9.996094 34.636719 9.851563 34.507813 C 9.4375 34.144531 9.398438 33.511719 9.765625 33.097656 C 10.128906 32.683594 10.761719 32.644531 11.175781 33.007813 C 11.234375 33.0625 15.875 37 25 37 C 34.140625 37 38.78125 33.046875 38.828125 33.007813 C 39.242188 32.648438 39.871094 32.683594 40.238281 33.101563 C 40.601563 33.515625 40.5625 34.144531 40.148438 34.507813 C 40.003906 34.636719 37.484375 36.800781 32.550781 38.074219 L 34.378906 40.589844 C 34.566406 40.847656 34.867188 41 35.1875 41 C 35.199219 41 35.210938 41 35.21875 41 C 37.027344 40.941406 44.960938 39.605469 47.867188 34.496094 C 47.953125 34.34375 48 34.175781 48 34 C 48 24.152344 43.785156 12.761719 41.625 10.769531 Z M 18.5 30 C 16.566406 30 15 28.210938 15 26 C 15 23.789063 16.566406 22 18.5 22 C 20.433594 22 22 23.789063 22 26 C 22 28.210938 20.433594 30 18.5 30 Z M 31.5 30 C 29.566406 30 28 28.210938 28 26 C 28 23.789063 29.566406 22 31.5 22 C 33.433594 22 35 23.789063 35 26 C 35 28.210938 33.433594 30 31.5 30 Z"></path>
</svg>
INSTAGRAM

<svg xmlns="http://www.w3.org/2000/svg" x="0px" y="0px" width="100" height="100" viewBox="0 0 72 72"
style="fill:#FFFFFF;">
<path d="M 35.75 14 C 15.579 14 14 15.579 14 35.75 L 14 36.25 C 14 56.421 15.579 58 35.75 58 L 36.25 58 C 56.421 58 58 56.421 58 36.25 L 58 35.75 C 58 15.579 56.421 14 36.25 14 L 35.75 14 z M 30 22 L 42 22 C 49.419 22 50 22.581 50 30 L 50 42 C 50 49.419 49.419 50 42 50 L 30 50 C 22.581 50 22 49.419 22 42 L 22 30 C 22 22.581 22.581 22 30 22 z M 45.496094 25 C 44.668094 25.002 43.998 25.674906 44 26.503906 C 44.002 27.331906 44.674906 28.002 45.503906 28 C 46.331906 27.998 47.002 27.325094 47 26.496094 C 46.998 25.668094 46.325094 24.998 45.496094 25 z M 35.976562 26 C 30.454563 26.013 25.987 30.501437 26 36.023438 C 26.013 41.545437 30.501437 46.013 36.023438 46 C 41.545437 45.987 46.013 41.498562 46 35.976562 C 45.987 30.454563 41.498562 25.987 35.976562 26 z M 35.990234 32 C 38.199234 31.995 39.994 33.781234 40 35.990234 C 40.005 38.199234 38.218766 39.995 36.009766 40 C 33.800766 40.005 32.006 38.218766 32 36.009766 C 31.995 33.800766 33.781234 32.006 35.990234 32 z"></path>
</svg>

LINKEDIN

<svg xmlns="http://www.w3.org/2000/svg" x="0px" y="0px" width="100" height="100" viewBox="0 0 64 64"
style="fill:#FFFFFF;">
<path d="M48,8H16c-4.418,0-8,3.582-8,8v32c0,4.418,3.582,8,8,8h32c4.418,0,8-3.582,8-8V16C56,11.582,52.418,8,48,8z M24,47h-5V27h5 V47z M24.029,23.009C23.382,23.669,22.538,24,21.5,24c-1.026,0-1.865-0.341-2.519-1.023S18,21.458,18,20.468 c0-1.02,0.327-1.852,0.981-2.498C19.635,17.323,20.474,17,21.5,17c1.038,0,1.882,0.323,2.529,0.969 C24.676,18.615,25,19.448,25,20.468C25,21.502,24.676,22.349,24.029,23.009z M47,47h-5V35.887C42,32.788,40.214,31,38,31 c-1.067,0-2.274,0.648-2.965,1.469S34,34.331,34,35.594V47h-5V27h5v3.164h0.078c1.472-2.435,3.613-3.644,6.426-3.652 C44.5,26.5,47,29.5,47,34.754V47z"></path>
</svg>

GITHUB

<svg xmlns="http://www.w3.org/2000/svg" x="0px" y="0px" width="100" height="100" viewBox="0 0 64 64"
style="fill:#FFFFFF;">
<path d="M32 6C17.641 6 6 17.641 6 32c0 12.277 8.512 22.56 19.955 25.286-.592-.141-1.179-.299-1.755-.479V50.85c0 0-.975.325-2.275.325-3.637 0-5.148-3.245-5.525-4.875-.229-.993-.827-1.934-1.469-2.509-.767-.684-1.126-.686-1.131-.92-.01-.491.658-.471.975-.471 1.625 0 2.857 1.729 3.429 2.623 1.417 2.207 2.938 2.577 3.721 2.577.975 0 1.817-.146 2.397-.426.268-1.888 1.108-3.57 2.478-4.774-6.097-1.219-10.4-4.716-10.4-10.4 0-2.928 1.175-5.619 3.133-7.792C19.333 23.641 19 22.494 19 20.625c0-1.235.086-2.751.65-4.225 0 0 3.708.026 7.205 3.338C28.469 19.268 30.196 19 32 19s3.531.268 5.145.738c3.497-3.312 7.205-3.338 7.205-3.338.567 1.474.65 2.99.65 4.225 0 2.015-.268 3.19-.432 3.697C46.466 26.475 47.6 29.124 47.6 32c0 5.684-4.303 9.181-10.4 10.4 1.628 1.43 2.6 3.513 2.6 5.85v8.557c-.576.181-1.162.338-1.755.479C49.488 54.56 58 44.277 58 32 58 17.641 46.359 6 32 6zM33.813 57.93C33.214 57.972 32.61 58 32 58 32.61 58 33.213 57.971 33.813 57.93zM37.786 57.346c-1.164.265-2.357.451-3.575.554C35.429 57.797 36.622 57.61 37.786 57.346zM32 58c-.61 0-1.214-.028-1.813-.07C30.787 57.971 31.39 58 32 58zM29.788 57.9c-1.217-.103-2.411-.289-3.574-.554C27.378 57.61 28.571 57.797 29.788 57.9z"></path>
</svg>

HOME

<svg xmlns="http://www.w3.org/2000/svg" x="0px" y="0px" width="100" height="100" viewBox="0 0 64 64"
style="fill:#FFFFFF;">
<path d="M 32 8 C 31.08875 8 30.178047 8.3091875 29.435547 8.9296875 L 8.8007812 26.171875 C 8.0357812 26.810875 7.7634844 27.925203 8.2714844 28.783203 C 8.9184844 29.875203 10.35025 30.088547 11.28125 29.310547 L 31.677734 12.269531 C 31.864734 12.113531 32.135266 12.113531 32.322266 12.269531 L 52.71875 29.3125 C 53.09275 29.6255 53.546047 29.777344 53.998047 29.777344 C 54.693047 29.777344 55.382672 29.416656 55.763672 28.722656 C 56.228672 27.874656 55.954891 26.803594 55.212891 26.183594 L 52 23.498047 L 52 15 C 52 13.895 51.105 13 50 13 L 48 13 C 46.895 13 46 13.895 46 15 L 46 18.484375 L 34.564453 8.9296875 C 33.821953 8.3091875 32.91125 8 32 8 z M 32 16 L 12 32.705078 L 12 47 C 12 49.761 14.239 52 17 52 L 47 52 C 49.761 52 52 49.761 52 47 L 52 32.705078 L 32 16 z M 28 32 L 36 32 C 37.105 32 38 32.895 38 34 L 38 48 L 26 48 L 26 34 C 26 32.895 26.895 32 28 32 z"></path>
</svg>
